0 0.558824 0.816216 0.161765 0.140541
0 0.560662 0.505405 0.121324 0.070270
0 0.110294 0.754054 0.051471 0.070270
0 0.645221 0.402703 0.084559 0.037838
0 0.397059 0.427027 0.058824 0.032432
0 0.398897 0.381081 0.055147 0.037838
0 0.358456 0.340541 0.047794 0.043243
0 0.545956 0.370270 0.084559 0.027027
0 0.654412 0.335135 0.073529 0.032432
0 0.588235 0.305405 0.058824 0.027027
0 0.553309 0.327027 0.047794 0.027027
0 0.474265 0.332432 0.044118 0.027027
0 0.604779 0.240541 0.047794 0.027027
0 0.665441 0.235135 0.029412 0.016216
0 0.555147 0.267568 0.051471 0.037838
